# Created by Octave 4.2.1, Sun Oct 29 17:47:06 2017 GMT <unknown@unknown>
# name: J_history
# type: matrix
# rows: 10
# columns: 1
 33.62403811045965
 6.576615712126642
 1.816391332872286
 0.9745349470582502
 0.8216274270702815
 0.7899048213339455
 0.7795479644437093
 0.7730069291657173
 0.7671955270326369
 0.7615704442641101


